     1        0    32400   0.000
     2    29358    32400   0.020
     3    58715    32400   0.040
     4    88072    32400   0.060
     5   117429    33148   0.080
     6   146786    33148   0.100
     7   176143    33148   0.120
     8   205500    34293   0.140
     9   234857    34293   0.160
    10   264214    34293   0.180
    11   293571    34293   0.200
    12   322928    35592   0.220
    13   352285    35592   0.240
    14   381642    35592   0.260
    15   410999    36958   0.280
    16   440356    36958   0.300
    17   469713    36958   0.320
    18   499070    36958   0.340
    19   528427    38354   0.360
    20   557784    38354   0.380
    21   587141    38354   0.400
    22   616498    39797   0.420
    23   645855    39797   0.440
    24   675212    39797   0.460
    25   704569    39797   0.480
    26   733926    41278   0.500
    27   763283    41278   0.520
    28   792640    41278   0.540
    29   821997    42750   0.560
    30   851354    42750   0.580
    31   880711    42750   0.600
    32   910068    42750   0.620
    33   939425    44272   0.640
    34   968782    44272   0.660
    35   998139    44272   0.680
    36  1027496    45772   0.700
    37  1056853    45772   0.720
    38  1086210    45772   0.740
    39  1115567    45772   0.760
    40  1144924    47267   0.780
    41  1174281    47267   0.800
    42  1203638    47267   0.820
    43  1232995    48818   0.840
    44  1262352    48818   0.860
    45  1291709    48818   0.880
    46  1321066    48818   0.900
    47  1350423    50357   0.920
    48  1379780    50357   0.940
    49  1409137    50357   0.960
    50  1438494    51934   0.980
    51  1467851    51934   1.000
    52  1497208    51934   1.020
    53  1526565    51934   1.040
    54  1555922    53496   1.060
    55  1585279    53496   1.080
    56  1614636    53496   1.100
    57  1643993    55111   1.120
    58  1673350    55111   1.140
    59  1702707    55111   1.160
    60  1732064    55111   1.180
    61  1761421    56684   1.200
    62  1790778    56684   1.220
    63  1820135    56684   1.240
    64  1849492    58237   1.260
    65  1878849    58237   1.280
    66  1908206    58237   1.300
    67  1937563    58237   1.320
    68  1966920    59733   1.340
    69  1996277    59733   1.360
    70  2025634    59733   1.380
    71  2054991    61257   1.400
    72  2084348    61257   1.420
    73  2113705    61257   1.440
    74  2143062    61257   1.460
    75  2172419    62791   1.480
    76  2201776    62791   1.500
    77  2231133    62791   1.520
    78  2260490    64358   1.540
    79  2289847    64358   1.560
    80  2319204    64358   1.580
    81  2348561    64358   1.600
    82  2377918    65922   1.620
    83  2407275    65922   1.640
    84  2436632    65922   1.660
    85  2465989    67459   1.680
    86  2495346    67459   1.700
    87  2524703    67459   1.720
    88  2554060    67459   1.740
    89  2583417    68981   1.760
    90  2612774    68981   1.780
    91  2642131    68981   1.800
    92  2671488    70499   1.820
    93  2700845    70499   1.840
    94  2730202    70499   1.860
    95  2759559    70499   1.880
    96  2788916    72089   1.900
    97  2818273    72089   1.920
    98  2847630    72089   1.940
    99  2876987    73628   1.960
   100  2906344    73628   1.980
   101  2935701    73628   2.000
